Uplus_1450		Uplus_2180		Uplus_3820		Uplus_15740		Uplus_19670
4.9794000000	5.281049224996	4.14757222971106	5.33017306173312	3.00315824368626
5.38388748976251	5.70881610622298	3.27972107420455	5.36489976849502	3.1586984063981
5.86062027315121	6.02339397625085	3.01574597823112	4.35537136495066	4.08581740496944
6.72896854104512	6.73007790722464	3.37572298286169	3.5055657702682	5.44632405387464
7.52335575261068	7.39338113620634	4.32701744241898	4.70899470471866	7.27958793094516
8.21333420112745	8.21169942309953	5.69454788262837	6.68675509116118	9.2438836490148
9.09295457932477	9.43907995172129	7.34266509976864	9.15598040860965	11.0299087948719
10.1822289818104	10.2759428524532	9.19996147466516	11.0864396193435	12.3580789741561
11.2016113151632	11.1344881757934	10.776296020215	12.6738745064804	13.4214678360603
12.0698497203245	12.2981593645668	12.1312400809991	13.7536842738645	14.3203951606261
12.8611897432159	12.9626921895689	13.2013894840957	14.6721064780365	15.2010317827465
13.5913012408929	13.9447821355929	14.134908443658	15.5107592459069	16.0890346147422
14.1853237303873	14.3746636361517	14.8922300445028	16.3729064058458	16.8261553735152
14.8546448704409	15.0737320624189	15.5213219061375	17.0187138219925	17.6403002411354
15.4369142178336	15.5892247132316	16.1405689803403	17.9189784830922	18.6621727885462
16.084241281966	16.3894336926422	16.9856502206445	18.854263702088	19.4799613408043
16.6827192145663	17.1135377692153	17.6042561882712	19.7261697198769	20.0946568892469
17.290439745398	17.6971473614176	18.4582266283912	20.3803462891109	21.04655085078
17.9155841526684	18.3908735169193	19.1445327966531	21.1358642822972	21.9088790792789
18.62424558882	19.1809062645809	19.926110861446	22.0580988893591	23.0352804061674
19.4490714808374	20.1294102089518	20.7245848004939	22.8773882028246	23.6068368301223
20.379620232062	20.9222840894203	21.5647653912537	23.6481834939963	24.5784259777362
21.3356957757008	21.9829358445249	22.6249336910428	24.483941499118	25.3346904662784
22.4262704427129	22.8856702788958	23.8220242741507	25.3962815340995	26.2472821542464
23.6125941314354	24.4144018542305	25.1677174712243	26.5342923687677	27.2288713869607
25.0039062388471	25.9359420929169	26.651239150291	27.6291145880222	28.5247959488277
26.0321428134463	27.3295048596163	28.2060887358148	29.0158097131319	29.9635819818569
26.124599967197	27.5751524766892	28.6297406426954	30.5298431568092	31.3036755780624
26.0463512273857	27.2908808485692	28.6748395093524	31.2952880236995	31.8369039348959
25.9773526123549	27.3330612221608	28.6284121144058	30.5908066695705	31.110081699882

Uplus_6430
3.39695975167409
3.66085235060979
4.18080343699517
4.84313101342361
5.77135087289664
5.84123991671314
7.08466837878208
8.460175366041
9.97571535774362
11.3304448294036
12.5394431334234
13.4039125439003
14.2852122552329
14.9670975987402
15.7234812862329
16.3045856863032
17.035389669588
17.7710750782548
18.5311785903344
19.3452802670447
20.2485657000211
21.0679783534593
21.8027740976326
22.7068219367066
23.5059961696734
24.6176310900235
25.8484935546016
27.2778546042878
28.8485888535918
29.9370762237778
29.745329242404

Uplus_10770
3.58644800698849
4.37420561577366
5.50282567805025
7.08568730121046
8.60131815418056
10.359822287111
11.7362421423689
12.8244267675327
13.8306644168689
14.6087970306561
15.4469911107006
16.1028817636082
16.9851748873115
17.8816799633837
18.6261497164881
19.5602713995074
20.2879879024863
21.085901444986
21.7975833769479
22.7666957574581
23.616343518566
24.4498211645783
25.3704628308468
26.3330912641577
28.594618677023
29.9691657803099
30.7360266515983
30.2730543539145
