urmsplus_1450	urmsplus_2180	urmsplus_3820	urmsplus_15740	urmsplus_19670
1.84470761166008	1.94980094417008	0.309452897312841	0.25089892503911	0.820408312652116
1.98376037323351	2.10968728060139	0.425393214392803	0.423334537943878	1.10974198323173
2.14843085413014	2.20284585737055	0.699479086060813	0.832089994928644	1.6678307453397
2.37175203507544	2.4084767603817	1.11926384424576	0.829761107471409	2.19908170151814
2.51455516407417	2.54068423136649	1.64731234669139	1.60061385474929	2.68001611633357
2.61418950414836	2.68193687868929	2.19598134563652	2.35132867693972	2.95670760549371
2.71848656103161	2.82459587896065	2.63882122516083	2.8577962617583	2.96881941659364
2.77987959816287	2.81886970353098	2.90450825707485	2.98352936281012	2.89422586301514
2.75112996607206	2.81544790979218	2.95983213003179	2.8929817649089	2.77940278446409
2.66119881166608	2.71952198971189	2.86127748369753	2.75846566540875	2.69016588487647
2.53564181029664	2.62391776664298	2.6981674161465	2.67513281978971	2.65241253316402
2.41360951318789	2.47218967567893	2.55281305832453	2.59056424820354	2.63067382831677
2.2750425656276	2.34428035231456	2.43834376424803	2.58187717081512	2.64860878516716
2.19816129192858	2.26360044365029	2.36625629261467	2.60065449283478	2.68346475625577
2.13105363912096	2.19730577001865	2.27950611230201	2.6225857617374	2.68687330933462
2.06905843385454	2.17815296147943	2.27669011004869	2.60165346427637	2.68717136343518
2.05491537686548	2.15305841049083	2.23109935956439	2.61220847197444	2.63564214448817
1.99922430111234	2.12424714376284	2.21411266829546	2.55434681123627	2.63782502944988
1.96436450665747	2.07279553128628	2.16140438990979	2.57359949535511	2.5847015945546
1.90416654868081	2.04196028953671	2.11298748432953	2.49466579173822	2.55493131211027
1.85770329831563	1.96175772470825	2.01007707917412	2.37080684652764	2.41853793432449
1.76359338958163	1.89226405848624	1.92020439623768	2.29237642585425	2.26322242855427
1.65347317655948	1.77869473221219	1.81525271281558	2.2314657462593	2.16173090202426
1.49113328732041	1.64432461592353	1.67598656905899	2.07535125901084	2.03890550497354
1.31114062944767	1.44149162310341	1.50134702145345	1.94123652387039	1.90906443055258
1.00772550497354	1.12751252547359	1.22950154500703	1.77680519414577	1.75020784812421
0.507263562324552	0.607661510878003	0.741894246917858	1.51796424398422	1.49271707780337
0.246421450497276	0.286571304480759	0.197853132055917	1.15573480830887	1.01104734435088
0.227912569613936	0.24499886184303	0.116469846281238	0.381304448450745	0.354495021854869
0.195206774642057	0.223249272573015	0.159379608059062	0.163503822994388	0.160702459598289
urmsplus_6430
1.00676801203709
1.19081619709362
1.47143396247428
1.7576118123545
2.11546926191447
2.12338546641333
2.48972134863329
2.72167581483495
2.88959401045686
2.88311691067195
2.82911503294424
2.69251938312378
2.56924617539306
2.47002639430558
2.43179038471959
2.40301670171281
2.42983727240893
2.43752631070089
2.43122420698762
2.40648401154554
2.35382124653733
2.28380136889483
2.15733115846518
2.06947736369707
1.96109569247946
1.8592768446265
1.75071637614056
1.51310264535543
1.07658569998063
0.356274482812666
0.122838053199216

urmsplus_10770
1.43733325049328
1.81990067601054
2.24179510772652
2.6945275585466
2.94149785406772
3.03902691734942
2.99406069689547
2.85065775881971
2.69427643553868
2.61459776873613
2.51760921038053
2.50506312775312
2.55879260210475
2.51584578441364
2.51209535889615
2.52721952611031
2.4744995386401
2.43210065348023
2.33818664855656
2.19368983154099
2.10360436915828
2.01116195812858
1.88625114625797
1.75407897244851
1.49766240154945
1.11279595736417
0.359555728827884
0.196171156732294
