yplus_1450		yplus_2180		yplus_3820		yplus_15740		yplus_19670
5.14043375523429	5.16564340653836	0.108287515556505	0.10092139964773	1.10962679699322
5.6317311743146		5.69636311940598	0.660150878737659	0.153495935556018	2.18380132987393
6.27291594158892	6.39038120546363	1.39334077553548	0.176798967166234	3.67893615266734
7.0972963566559		7.31301701398733	2.38669482926155	1.75147451361126	5.72567411396706
8.17981609361253	8.5295898942531		3.71116690089632	3.94038520228661	8.57078503889432
9.57876467675649	10.1299139515154	5.48501342540717	6.93338553169985	12.4610387525704
11.4023940797834	12.2364629656669	7.87379341174845	11.0766807638353	17.8464272890399
13.7672833512887	15.0125353098975	11.0746009181991	16.7834836307389	25.2640379147431
16.8399739892656	18.6704188693543	15.3633676263498	24.6456934512871	35.4832118491757
20.8452970160052	23.4958857971199	21.1185141280961	35.4785677778948	49.5636077531525
26.041391753397		29.8481925142123	28.8446012126323	50.4100656899302	68.9713287053349
32.7946494970265	38.2253990588611	39.2038649157757	70.9925269104847	95.7240809228908
41.5713864412749	49.2643690865075	53.0950541432784	99.3701904815258	132.608911842484
52.9794790538179	63.8224190563992	71.7322682941391	138.480217174082	183.44349581746
67.8016723752241	83.0018129875688	96.7316786462454	192.387726838551	253.511610279827
87.0705236930522	108.280401157386	130.261319840666	266.699011136744	350.100223006694
112.118364991249	141.593269288154	175.246067702261	369.119929125732	483.225285723571
144.660573699145	185.496036920295	235.580500822624	510.282332721939	666.705908637248
186.962114189451	243.368980378843	316.515204914305	704.86085786883		919.61594764239
241.937462677048	319.62932065859		425.082495976701	973.047088878268	1268.20009943424
313.383765316186	420.147634275716	570.703469995545	1342.71613329583	1748.68998068944
406.247304597266	552.623439526133	766.03944927468		1852.24093564341	2410.96212782659
526.931601118132	727.222060140919	1028.06417411309	2554.54622935789	3323.80725856626
683.780383928249	957.333962721658	1379.53018259851	3522.55847768953	4582.01401749915
887.627177472083	1260.61170141019	1850.97917000183	4856.81122155393	6316.25428496298
1152.56139247987	1660.31712946744	2483.37516539578	6695.88707694992	8706.65551742419
1496.88593958108	2187.10951645984	3331.65222470386	9230.76850146442	12001.4536430827
1944.39127176405	2881.39704483325	4469.51564196009	12724.7055091457	16542.8167982772
2525.99581813125	3796.43947900362	5995.81202927254	17540.5658862		22802.3946981747
3281.87771507357	5002.43062468667	8043.15415281364	24178.4822212547	31430.2516415049

yplus_6430
2.1550812531961
2.69631051288689
3.435736402887
4.42671955443353
5.76835828268114
5.76835828268114
7.57499679742367
10.0067169923725
13.2998302344348
17.744008521755
23.7432680622713
31.8388381156745
42.7701445719647
57.5281705826885
77.4393089814542
104.317821230324
140.603050471566
189.580486999924
255.694309102716
344.936153373141
465.401589864602
628.006679138748
847.494201311666
1143.7676718348
1543.69035706238
2083.51699444638
2812.20215167318
3795.79866726703
5123.50264781444
6915.6804314917
9334.82276336318

yplus_10770
3.13275412475138
4.21750181086917
5.72574688129322
7.79122535212024
10.6442603621835
14.5820430583645
20.0057814889534
27.4801388330253
37.7778120724722
51.97611911474
71.5461561368924
98.5236824950684
135.702294969955
186.952908249684
257.595243863437
354.962493360517
489.159155734897
674.138355332668
929.106070021052
1280.53460120853
1764.91902173215
2432.58122253765
3352.84103863515
4621.28257264045
6369.6358004088
8779.46965312752
12101.0487955856
16679.3452813044
